438732
12324
12327
12330
12531
15707
15708
15709
17845
17846
17847
17848
17849
17850
17851
17852
21597
22318
22319
22320
22321
22322
22323
22324
22325
23115
23116
23160
28292
28293
28294
28295
28296
28297
28298
28299
28300
28301
28302
28303
28304
28305
28306
28307
28308
30505
36858
39243
39244
39249
39913
42580
44090
45565
46993
47341
47343
47344
47345
47346
47468
47469
48848
52348
63153
70487
70489
70490
70491
70492
70494
70495
70496
70497
70498
97229
126373
126374
126375
140537
140539
150513
151871
151872
155067
156071
156072
156073
156074
156075
156424
160988
164502
165196
165200
165202
176117
176118
176119
176120
176122
176124
176126
176127
185974
185975
185976
185977
185979
199025
199026
214216
214217
214219
214220
214221
214222
214223
239202
248532
248533
253685
253686
253687
256293
256294
263630
286731
286732
286733
286734
296944
319221
322603
325287
325288
325289
325290
325291
325292
325294
330663
332468
333237
333238
350088
353121
353122
356523
356524
356525
361274
361275
362324
368791
368792
368793
369582
369583
369725
371231
377906
378301
378302
378303
378304
378949
378950
378951
378952
378953
378954
378955
378956
378957
378958
378959
378960
378961
378962
378963
378964
378965
378966
378967
381889
381890
381891
382407
382408
382975
383189
383844
383845
384515
384516
390253
391665
391734
394605
396621
396622
405004
405005
408756
416765
416766
416767
416768
417425
420583
420584
425106
425107
425599
427578
427579
427580
427581
427583
427584
435122
435123
446381
451221
451222
24477
197733
442313
442315
369943
424942
32044
97373
197485
25651
351783
27393
57729
378667
419845
344726
337910
441475
16332
28998
378792
389435
61891
447069
16233
166162
384610
396243
400284
351935
355388
393137
175612
385364
49402
45925
96867
230447
113631
166094
199115
21463
444822
185052
342668
429415
232255
413482
381572
407844
127968
46393
194658
206335
389423
91421
126953
17855
37675
16720
31049
46732
120192
131988
142413
388672
392533
387939
447829
362197
18398
169119
197188
326416
29762
47366
224960
149553
24390
371446
431848
192494
447089
57414
277677
136226
189379
27173
33273
334974
343683
230542
303188
28424
393762
33332
33655
114608
192059
195210
383255
102398
279548
409636
433717
222826
341257
151063
360565
455524
22359
35777
284254
314541
390367
406992
424188
238029
382923
391706
22228
112068
235786
271815
286766
415420
136423
237253
330913
399444
208863
347229
114330
156555
17888
202386
202390
257248
415947
29156
205019
12176
18626
20275
29447
33673
51973
51974
108665
135482
149031
149230
161829
167853
195090
210310
221479
234956
243754
316288
347398
351433
357826
358149
359801
361048
363624
371074
379592
387485
392268
400582
417348
421563
20262
31798
35668
36678
40163
49252
113093
136436
166509
202347
204016
206886
232115
233524
238327
277709
297963
330877
353812
358777
363258
366685
366691
372815
375227
388271
388643
425202
450655
166600
367392
10785
12757
13612
15853
16390
18860
18901
21051
26043
28769
28979
29348
30046
33698
37137
38918
39381
44479
44862
46601
51086
53128
62278
108761
138503
142157
148987
149139
164266
172134
202361
216538
228832
232956
233870
255854
258229
264709
266204
355659
363113
363375
370808
377826
383196
395077
401909
432216
441832
446262
36069
37046
51905
149427
156911
179474
204207
258971
277294
343424
353298
355270
390359
427964
106028
139329
160074
185420
351065
414149
22487
259387
392745
409721
204224
383455
416090
385358
385359
385360
385361
385362
385363
319475
168523
373767
21104
428256
396369
146120
172040
414509
402333
50477
297674
353865
110368
425587
28285
39049
49015
55173
59130
323442
358599
369503
381319
384156
372526
25541
50460
176408
229642
365088
15044
30164
154307
222697
238340
38472
43719
101556
125852
149838
190612
203878
239538
325650
14072
237075
279043
302734
43381
99586
306146
428246
19125
35739
97998
106995
111194
140321
179035
181908
239782
251401
347685
405500
179263
181966
35951
396449
328634
13747
122109
245045
392929
435484
435532
435578
435485
435533
435579
435486
435534
435580
435487
435535
435581
435488
435536
435582
290276
435489
435537
435583
435490
435538
435584
435491
435539
435585
435492
435540
435586
435493
435541
435587
435494
435542
435588
435495
435543
435589
370940
435496
435544
435590
435497
435545
435591
435498
435546
435592
435499
435547
435593
435500
435548
435594
435501
435549
435595
435502
435550
435596
435503
435551
435597
435504
435552
435598
435505
435553
435599
435506
435554
435600
435507
435555
435601
435508
435556
435602
435509
435557
435603
435510
435558
435604
435511
435559
435605
435512
435560
435606
435513
435561
435607
435514
435562
435608
435515
435563
435609
435516
435564
435610
435517
435565
435611
435518
435566
435612
435519
435567
435613
435520
435568
435614
435521
435569
435615
435522
435570
435616
435523
435571
435617
435524
435572
435618
435525
435573
435619
435526
435574
435620
435527
435575
435621
435528
435576
435622
435529
435577
435623
379187
16187
15204
41271
60440
12274
12380
12911
225054
190748
190938
139413
139428
139454
14027
14510
14543
15185
15195
394052
415978
421776
345707
393277
185687
318540
10049
13207
13338
16083
16518
23438
28824
33078
33116
35005
36651
36789
40504
42310
45576
51765
53897
59116
60698
61142
70027
70051
107447
107981
112166
127910
141547
142799
155142
158154
173619
183681
186372
203584
215683
222090
233783
235244
236637
244824
249361
267062
285279
291102
291616
292634
296773
304186
309746
311144
315082
317258
321927
322694
329591
329906
332045
334905
342556
343541
357266
357695
357758
359696
365166
369144
369250
373240
375298
375342
375386
375432
379732
379856
380747
381606
383655
385455
389590
391022
396093
400925
401446
406046
418598
418826
419581
426705
427281
431592
431680
433042
438769
441700
446267
447641
450005
451869
455228
455296
329920
379162
46487
176884
375307
375351
375395
375441
375596
15099
15100
64564
13998
14022
14088
10265
25300
11078
10808
10525
10491
14148
12190
16539
11157
11827
12500
13215
13285
13436
14173
387842
99671
135526
140019
107601
75071
10152
15436
23249
29652
35493
37931
44270
90388
91305
91312
107287
156886
157032
157693
157703
160108
164009
180610
269348
292052
326288
346589
352621
358674
360094
366698
375308
375352
375396
375442
375597
385416
389771
390384
390390
391532
405573
414296
417196
417884
419341
419999
420678
424720
425029
425801
104079
139106
232132
340532
362946
365519
383594
359062
10153
10386
13128
13698
13973
14425
14617
14884
16660
16883
19550
20957
22691
23045
24454
32737
36424
36436
36941
49601
50103
50542
51083
66731
93000
97550
98344
107201
114271
122856
140493
221528
264963
286614
286892
312944
330248
332275
344906
353766
356070
358403
371216
371805
372239
375003
383498
389614
401522
402502
406177
406379
417746
430736
446353
